554 502
554 502
554 547
554 547
554 633
554 633
554 585
554 585
554 632
554 632
554 1000
554 1000
554 1012
554 1012
554 4040
554 3640
554 5157
554 1352
554 4611
554 5471
554 5471
554 5471
554 5471
554 5472
554 5521
554 5521
554 5521
554 5521
554 5521
554 5521
554 5521
554 5521
554 5521
554 5521
554 5550
554 5529
554 5529
554 1998
554 2767
554 5570
554 5570
554 3828
554 4867
554 5591
554 4365
554 3040
554 5723
554 4860
554 4860
554 4197
554 4197
554 4197
554 3722
578 222
578 405
578 405
578 443
578 628
578 610
578 874
578 885
578 885
578 943
578 943
578 943
578 1100
578 3828
578 3988
578 35
578 5413
578 5763
578 5763
578 5763
578 5763
578 5763
578 5763
578 5763
578 5763
578 590
578 3707
578 3707
578 1352
578 1352
578 1352
578 5655
578 5655
578 5655
578 5917
621 462
621 7
621 7
621 775
621 775
621 775
621 13
621 1304
621 1315
621 1053
621 1436
621 1566
626 26
626 26
626 698
626 698
626 1025
626 468
626 1
626 760
626 760
626 760
626 1076
626 540
626 540
626 540
626 540
626 540
626 540
626 540
626 540
626 540
626 540
626 3380
626 3380
626 3380
838 346
838 374
838 374
838 545
838 36
838 931
838 931
838 931
838 931
838 931
838 931
838 35
838 35
838 942
838 997
838 7
838 7
838 7
861 295
861 923
861 1
861 149
920 925
920 925
920 1051
920 725
920 725
920 295
920 923
920 923
920 923
920 921
920 921
920 832
920 832
920 832
920 832
920 832
920 832
920 832
920 832
920 832
920 832
920 1054
920 882
922 725
922 658
922 894
922 894
922 894
922 894
922 894
922 894
922 894
922 894
922 894
922 894
922 606
922 606
922 606
922 606
922 606
922 606
922 606
922 606
922 606
922 606
922 953
922 953
922 953
922 953
922 953
922 953
922 953
922 953
922 953
922 953
922 1122
922 1122
922 1122
922 1122
922 1122
922 1122
922 1122
922 1122
922 1122
922 1122
922 972
922 1317
922 1317
1198 1229
1198 1230
1198 1217
1198 1262
1198 882
1198 882
1198 882
1198 882
1198 462
1198 1201
1198 1290
1198 1480
1239 1217
1239 1217
1239 899
1239 899
1239 1230
1239 1243
1239 1243
1239 1266
1239 1253
1239 1257
1239 1257
1239 1257
1239 777
1239 777
1239 144
1302 492
1302 319
1302 1238
1302 1345
1302 1252
1302 1252
1302 468
1302 468
1302 468
1302 937
1302 937
1302 546
1302 546
1477 1468
1477 566
1477 566
1477 249
1477 249
1477 41
1477 1495
1477 1396
1477 1396
1477 905
1477 546
1657 1636
1657 1566
1657 1566
1657 1566
1657 1566
1657 1566
1657 1566
1657 1566
1657 1566
1657 1566
1657 1566
1657 1281
1657 1383
1657 1383
1657 1731
1657 1731
1657 1731
1657 1576
1674 1670
1674 1672
1674 1396
1674 1396
1674 1334
1674 1334
1674 1714
1674 1714
1674 1766
1674 1766
1674 1386
1674 1386
1674 1386
1674 1386
1674 1386
1674 2642
1674 2642
1674 2642
1674 3735
1674 3735
1674 3735
1778 1555
1778 905
1778 1791
1778 1791
1778 1791
1778 1512
1778 1245
1778 1245
1778 1245
1778 1860
1778 1860
1778 1860
1778 2035
1876 546
1876 523
1876 1844
1876 1844
1876 1844
1876 1844
1876 1844
1876 1927
1876 1922
1876 2034
1876 1921
1876 1921
1876 2158
1876 2297
1933 35
1933 1949
1933 905
1933 1713
1933 2286
1933 2286
1933 2286
1933 3861
1933 3861
1933 3861
1933 3861
1933 3861
1933 2903
1933 2903
1933 2903
1933 2903
1933 2903
1933 2903
1933 2903
1933 2903
1933 2903
1933 2903
1990 13
1990 1899
1990 1899
1990 1899
1990 2006
1990 1451
1990 2028
1990 2028
1990 2028
1990 1921
1990 2067
1990 2113
1990 4559
2004 3598
2004 2002
2004 1771
2004 1771
2004 2755
2004 664
2004 35
2004 35
2004 35
2004 3716
2004 1352
2004 1352
2072 1905
2072 1331
2072 1331
2072 1098
2072 1098
2072 1098
2072 1566
2072 1566
2072 1566
2072 2187
2072 2187
2072 2316
2072 2316
2072 2316
2072 1400
2072 2296
2072 2296
2123 13
2123 13
2123 1
2123 1
2123 1
2123 1557
2123 2630
2123 2630
2123 1896
2123 1832
2123 2028
2123 1939
2123 5427
2205 546
2205 2219
2205 2266
2205 7
2205 2199
2205 2199
2205 2125
2205 1584
2208 2176
2208 2176
2208 2211
2208 2211
2208 2230
2208 2293
2208 2365
2208 2381
2208 2328
2208 2164
2208 2164
2208 2401
2219 2205
2219 937
2219 1555
2219 1334
2219 591
2219 2311
2219 2028
2219 2214
2219 2214
2558 35
2558 635
2558 1675
2558 2763
2558 2848
2558 2635
2558 2028
2558 2028
2558 1953
2558 1953
2566 2568
2566 2568
2566 2568
2566 2568
2566 2568
2566 2568
2566 2568
2566 2568
2566 2568
2566 2570
2566 2570
2566 2569
2566 2571
2566 2572
2566 2573
2566 2574
2566 2574
2585 2538
2585 2538
2585 2538
2585 546
2585 2067
2585 2601
2585 2601
2585 2601
2585 2604
2585 2621
2585 2621
2585 2621
2585 2622
2585 2622
2585 2622
2585 2622
2585 2622
2585 2622
2585 2622
2585 2622
2585 2622
2585 2623
2585 2623
2585 2623
2585 2623
2585 2623
2585 2623
2585 2623
2585 2623
2628 1810
2628 1810
2628 1810
2628 1810
2628 1810
2628 1810
2628 1810
2628 1810
2628 1810
2628 1810
2628 1543
2628 1543
2628 1543
2628 1543
2628 1543
2628 1543
2628 1543
2628 1543
2628 1543
2628 1543
2628 2574
2628 2574
2628 2574
2628 2574
2628 2574
2628 2574
2628 2574
2628 2574
2628 2574
2628 2574
2628 2571
2628 2571
2628 2571
2628 2571
2628 2571
2628 2571
2628 2571
2628 2571
2628 2571
2628 2571
2628 2548
2628 2548
2628 2548
2628 2548
2628 2548
2628 2548
2628 2548
2628 2548
2628 2548
2628 2548
2812 230
2812 2805
2812 57
2812 57
2812 57
2812 57
2812 57
2812 2829
2812 25
2812 2865
2812 2028
2812 2028
2812 2028
2812 2028
2812 2028
2812 2028
2812 2028
2812 2028
2812 2028
2812 2028
2812 2725
2812 2725
2812 2725
2767 2870
2767 2642
2767 2296
2767 35
2767 35
2767 35
2767 35
2767 35
2767 35
2767 35
2767 3916
2767 2647
2767 2647
2767 2647
2767 2647
2767 4172
2767 4172
2767 5541
2767 4197
2767 4197
2767 4197
5763 3470
5763 3470
5763 3470
5763 3470
5763 3470
5763 5762
5763 5762
5763 5762
5763 5762
5763 5762
5763 5760
5763 5760
5763 5760
5763 5760
5763 5760
5763 5764
5763 5764
5763 5764
5763 5764
5763 5764
5763 5788
5763 5788
5763 5788
5763 5788
5763 5788
5763 5788
5763 5788
5763 5788
1386 1394
1386 705
1386 546
1386 1479
1386 1457
1386 1457
1386 1488
1386 1486
1386 1404
1386 465
1386 1028
1386 1502
1386 894
1386 725
1386 725
1386 1508
1386 1508
1386 204
1386 1507
1386 1507
1386 1511
1386 1511
1386 1511
1386 1513
1386 469
1386 1464
1386 1464
1386 1464
1386 722
1386 722
1386 1469
1386 350
1386 6
1386 6
1386 6
1386 6
1386 6
1386 1490
1386 540
1386 540
1386 545
1386 545
1386 1522
1386 1524
1386 1525
1386 1512
1386 1473
1386 1516
1386 1392
1386 1392
1386 1528
1386 1413
1386 1413
1386 1412
1386 167
1386 167
1386 167
1386 1536
1386 1546
1386 1553
1386 1352
1386 1352
1386 1352
1386 1352
1386 1352
1386 1539
1386 1526
1386 1526
1386 550
1386 1596
1386 1574
1386 786
1386 786
1386 786
1386 1555
1386 41
1386 41
1386 41
1386 41
1386 41
1386 4
1386 4
1386 1316
1386 1316
1386 1316
1386 1517
1386 1623
1386 1518
1386 1634
1386 178
1386 184
1386 184
1386 1585
1386 1585
1386 1628
1386 1548
1386 1369
1386 1629
1386 1421
1386 1612
1386 1612
1386 1662
1386 1496
1386 1675
1386 1676
1386 1682
1386 1636
1386 1692
1386 1591
1386 353
1386 353
1386 1396
1386 1396
1386 1396
1386 1396
1386 1396
1386 1396
1386 537
1386 537
1386 537
1386 537
1386 537
1386 1529
1386 1529
1386 1529
1386 1529
1386 1245
1386 1562
1386 1562
1386 1727
1386 592
1386 592
1386 592
1386 592
1386 1674
1386 1317
1386 1317
1386 1317
1386 1317
1386 1317
1386 1725
1386 35
1386 35
1386 1095
1386 1731
1386 1366
1386 1366
1386 1366
1386 192
1386 1680
1386 309
1386 309
1386 309
1386 1
1386 1
1386 1
1386 1
1386 1
1386 1
1386 1
1386 1
1386 1565
1386 1334
1386 1802
1386 1811
1386 1714
1386 1620
1386 1620
1386 1620
1386 1487
1386 1487
1386 1487
1386 1487
1386 1769
1386 1769
1386 1769
1386 1769
1386 1769
1386 1566
1386 1566
1386 1566
1386 1566
1386 1566
1386 1566
1386 1566
1386 1566
1386 1499
1386 1499
1386 1499
1386 135
1386 135
1386 135
1386 135
1386 135
1386 135
1386 135
1386 135
1386 2040
1386 2040
1386 2040
1386 2040
1386 2040
1386 2040
1386 1939
1386 1939
1386 57
1386 57
1386 1400
1386 1400
1386 1053
1386 1053
1386 1053
1386 1693
1386 1693
1386 1693
1386 1846
1386 1846
1386 1846
1386 1846
1386 1846
1386 1846
1386 1846
1386 1846
1386 359
1386 359
1386 425
1386 425
1386 425
1386 425
1386 425
1386 425
1386 425
1386 425
1386 425
1386 1690
1386 1690
1386 1690
1386 1690
1386 1690
1386 2454
1386 1829
1386 2497
1386 1615
1386 1615
1386 1201
1386 1201
1386 1201
1386 1201
1386 1201
1386 1201
1386 1201
1386 1201
1386 1201
1386 1201
1386 1905
1386 2762
1386 2306
1386 2110
1386 3859
1386 3859
1386 3859
1386 3859
1386 3859
1386 3859
1386 3859
1386 3859
1386 7
1386 7
1386 7
1386 7
1386 7
1386 7
1386 2296
1386 481
1844 1843
1844 1876
1844 1876
1844 1876
1844 1876
1844 1876
1844 545
1844 2134
1844 2118
3861 2903
3861 2903
3861 2903
3861 2903
3861 2903
3861 2903
3861 2903
3861 2903
3861 2903
3861 2903
3861 1933
3861 1933
3861 1933
3861 1933
3861 1933
3861 1933
3861 1933
3861 1933
3861 1933
3861 1933
2568 2567
2568 2567
2568 2567
2568 2567
2568 2567
2568 2567
2568 2567
2568 2567
2568 2567
2568 2569
2568 2569
2568 2569
2568 2569
2568 2569
2568 2569
2568 2569
2568 2628
2568 2629
2568 2629
2568 2629
2568 2631
2568 2633
2568 2633
2568 2632
2622 2621
2622 2621
2622 2621
2622 2621
2622 2623
2622 2623
2622 2623
2622 2623
2622 2623
2622 2623
2622 2623
2622 2623
2622 2623
2623 2622
2623 2622
2623 2622
2623 2622
2623 2621
2623 2621
57 4
57 4
57 110
57 25
57 25
57 7
57 7
57 7
57 7
57 7
57 7
57 7
57 7
57 401
57 144
57 563
57 570
57 570
57 570
57 570
57 570
57 570
57 570
57 570
57 570
57 570
57 571
57 571
57 571
57 571
57 571
57 571
57 571
57 571
57 571
57 571
57 570
57 571
57 573
57 443
57 443
57 443
57 443
57 222
57 405
57 405
57 443
57 462
57 573
57 628
57 610
57 537
57 537
57 574
57 574
57 574
57 570
57 570
57 570
57 564
57 564
57 564
57 669
57 669
57 651
57 683
57 683
57 683
57 646
57 646
57 522
57 641
57 708
57 707
57 7
57 7
57 7
57 7
57 7
57 7
57 707
57 707
57 507
57 507
57 761
57 657
57 657
57 261
57 415
57 816
57 697
57 697
57 1
57 1
57 687
57 874
57 462
57 462
57 462
57 273
57 768
57 885
57 885
57 943
57 943
57 943
57 549
57 652
57 652
57 652
57 652
57 652
57 716
57 716
57 716
57 716
57 716
57 104
57 104
57 104
57 104
57 104
57 104
57 104
57 104
57 104
57 104
57 1146
57 1159
57 1169
57 1169
57 399
57 905
57 1100
57 882
57 929
57 1213
57 673
57 673
57 673
57 72
57 452
57 1236
57 1236
57 1236
57 1094
57 1461
57 1461
57 641
57 641
57 641
57 641
57 1559
57 1559
57 1559
57 1559
57 1559
57 1348
57 1636
57 353
57 353
57 13
57 1334
57 1053
57 1566
57 1566
57 1566
57 1
57 1
57 1
57 1
57 1
57 1
57 1
57 1921
57 1923
57 1317
57 2053
57 1508
57 1386
57 228
57 228
57 228
57 2411
57 1316
57 1316
57 1316
57 1201
57 1201
57 1201
57 1201
57 2452
57 2593
57 2778
57 2812
57 2812
57 1565
57 1565
57 64
57 64
57 64
57 64
57 64
57 2214
57 2859
57 1396
57 1396
57 1396
57 1396
57 1396
57 1245
57 1403
57 33
57 2388
57 4214
57 3465
57 3465
57 353
57 353
57 550
57 550
57 2397
57 2397
57 1899
57 1899
57 1899
57 3837
57 3837
57 3837
57 1363
57 1363
57 1363
57 1363
57 1363
57 1363
57 1363
57 4611
57 2404
57 3278
57 3278
57 3278
57 3278
57 3278
57 2942
57 2942
57 2165
57 4291
57 4291
57 4291
57 4291
57 4197
57 4197
57 4833
57 4833
57 4833
57 4833
57 4833
57 3598
57 3598
57 3598
57 1018
57 1018
57 1018
57 1018
57 1018
57 1018
57 1018
57 1018
57 3878
57 5556
57 3988
57 35
57 5612
57 5612
57 5612
57 5612
57 5612
57 2165
57 5413
57 2934
57 3988
57 3988
57 1746
57 5612
57 5612
57 5529
57 5363
57 4172
57 4172
57 4172
57 4172
57 4172
57 4172
57 1810
57 1810
57 1810
57 1810
57 1810
57 1810
57 35
57 35
57 35
57 35
57 35
57 35
57 35
57 35
57 35
57 35
57 4315
57 4315
57 4315
57 5227
57 5635
57 5635
57 1557
57 5541
57 5612
57 5612
57 5316
57 5316
57 5316
57 5316
57 5729
57 5729
57 5729
57 5729
57 5729
57 5729
57 5729
57 5729
57 5729
57 5729
57 5730
57 5729
57 5729
57 5729
57 5729
57 5729
57 5729
57 5729
57 5729
57 5729
57 5729
57 5731
57 5731
57 5731
57 5729
57 5729
57 5729
57 5729
57 5729
57 5729
57 5729
57 5729
57 5729
57 5729
57 5732
57 5732
57 5732
57 5729
57 5729
57 5729
57 5729
57 5729
57 5729
57 5729
57 5729
57 5729
57 5729
57 3722
57 5578
57 5227
57 5635
57 5635
57 35
57 3451
57 5508
57 5761
57 5761
57 5761
57 5761
57 5761
57 5761
57 5761
57 5761
57 5761
57 5761
57 3470
57 3470
57 3470
57 3470
57 3470
57 5759
57 5759
57 5759
57 5759
57 5759
57 5759
57 5759
57 5759
57 5759
57 5759
57 3470
57 3470
57 3470
57 3470
57 3470
57 3470
57 3470
57 3470
57 5602
57 5602
57 5602
57 5602
57 5602
57 5623
57 5623
57 5623
57 5623
57 5623
57 5623
57 5623
57 5623
57 5760
57 5760
57 5760
57 5760
57 5760
57 2580
57 2580
57 2580
57 2580
57 2580
57 5763
57 5763
57 5763
57 5763
57 5763
57 5763
57 5763
57 5763
57 5763
57 5763
57 5762
57 5762
57 5762
57 5762
57 5762
57 3470
57 3470
57 3470
57 3470
57 3470
57 5762
57 5762
57 5762
57 5762
57 5762
57 5760
57 5760
57 5760
57 5760
57 5760
57 5612
57 5612
57 5612
57 5612
57 5612
57 5764
57 5764
57 5764
57 5764
57 5764
57 5764
57 5764
57 5764
57 5764
57 5764
57 3804
57 5612
57 4518
57 4511
57 3804
57 3804
57 3828
57 3988
57 35
57 5413
57 3988
57 5788
57 5788
57 5788
57 5788
57 5788
57 5788
57 5788
57 5788
57 5763
57 5763
57 5763
57 5763
57 5763
57 5763
57 5763
57 5763
57 5612
57 5612
57 5612
57 5612
57 5612
57 5612
57 5612
57 5612
57 5612
57 5612
57 5227
57 590
57 3707
57 3707
57 1352
57 1352
57 1352
57 5655
57 5655
57 5655
57 2388
57 2867
57 5649
57 5649
57 5649
57 5649
57 5649
57 5649
57 5649
57 5649
57 35
57 3828
57 5788
57 5788
57 5788
57 5788
57 5788
57 3451
57 3451
57 5800
57 5800
57 5801
57 5691
57 5691
57 5691
57 35
57 35
57 35
57 35
57 35
57 35
57 5825
57 5227
57 5850
57 215
57 215
57 1810
57 5917
57 5449
57 3916
