0 331
0 386
0 473
1 285
2 70
3 174
4 183
4 275
4 395
5 313
5 313
5 313
5 425
5 890
7 845
7 845
7 845
8 155
8 435
8 445
8 445
8 445
8 445
9 218
9 426
9 426
10 228
10 790
11 653
12 232
12 949
14 386
14 733
14 733
14 733
14 733
14 733
15 193
15 448
15 646
15 981
16 342
16 342
16 342
16 342
16 342
16 681
17 82
17 536
17 645
18 270
18 270
18 270
18 455
19 513
19 513
19 592
19 992
20 625
20 625
20 625
20 635
20 759
21 736
21 880
21 954
22 41
22 41
22 41
22 715
22 715
22 715
22 715
23 81
23 93
23 205
23 205
23 205
23 205
23 513
23 692
23 692
23 692
23 692
23 692
27 105
27 383
27 403
27 549
28 35
30 136
30 479
32 487
33 432
33 545
33 862
34 289
35 582
36 243
36 662
36 898
36 898
36 898
36 898
36 898
38 717
38 717
38 717
38 717
38 717
39 133
40 87
40 87
40 87
40 87
41 747
43 429
43 513
43 550
43 550
43 825
44 787
44 963
45 987
46 129
46 263
46 815
47 809
48 633
48 809
48 984
49 371
49 371
49 371
49 371
49 720
49 724
49 921
49 921
49 921
49 921
51 83
51 217
51 226
51 485
51 485
51 485
51 485
51 485
52 173
52 809
53 500
53 519
53 559
53 912
53 912
53 912
53 912
53 912
55 635
55 635
55 635
55 635
55 852
55 867
58 186
58 888
59 774
59 839
60 243
60 359
60 534
61 468
61 861
61 861
61 861
62 92
62 791
63 294
63 891
65 259
65 295
65 295
66 99
66 570
66 816
66 816
66 816
67 746
67 746
68 222
68 309
68 429
69 302
69 442
69 652
69 682
70 783
70 783
70 783
70 783
70 783
71 392
71 843
72 97
73 74
73 172
73 325
73 529
73 599
73 999
73 999
73 999
73 999
73 999
74 272
75 129
75 129
75 129
76 921
78 297
79 547
80 257
80 361
80 839
80 839
80 888
85 376
85 376
85 554
86 102
87 738
88 475
88 475
88 475
88 475
88 475
88 547
88 794
89 97
91 957
92 118
92 629
94 503
95 349
96 215
96 215
96 215
96 215
96 215
96 352
96 417
96 417
96 417
96 417
96 468
96 495
96 495
96 495
96 495
96 680
96 680
97 414
98 727
98 727
98 727
98 780
98 780
98 780
98 780
99 112
100 453
101 482
102 221
102 784
102 804
102 804
102 804
102 804
103 641
104 243
104 380
104 622
104 913
105 253
105 373
106 203
106 482
106 482
106 602
106 757
107 501
107 501
107 501
107 600
108 140
108 868
109 560
110 115
110 115
110 115
110 115
110 912
114 839
116 228
116 910
117 348
117 379
117 501
118 211
118 211
118 211
118 430
119 877
121 668
121 668
121 668
121 668
121 726
121 726
121 726
121 888
122 320
122 514
122 902
123 801
123 877
125 223
127 256
127 459
128 608
128 852
129 326
130 435
131 153
131 153
131 153
131 153
131 153
131 829
132 349
133 333
133 581
133 821
133 821
133 907
134 580
135 405
136 383
138 236
138 236
138 236
138 493
138 493
138 493
138 493
138 493
138 746
138 746
138 746
139 410
139 893
140 463
141 503
141 720
143 454
143 718
144 824
144 903
146 159
146 159
146 159
146 159
146 159
146 972
147 281
147 284
148 236
148 421
148 421
148 421
148 421
148 421
149 273
149 273
149 273
149 273
150 337
151 226
151 382
151 405
151 548
152 264
152 611
152 616
154 624
154 820
154 906
154 906
154 954
155 393
155 393
155 937
156 458
156 506
157 252
157 436
157 485
157 485
157 485
157 636
157 735
157 735
157 735
157 735
157 970
159 437
160 489
161 334
161 334
161 334
161 334
161 508
162 173
162 173
162 173
162 436
163 493
163 493
163 493
163 493
163 739
163 739
163 739
165 258
166 528
166 528
166 528
166 528
166 962
168 286
168 337
169 589
169 589
169 589
169 589
169 589
169 987
170 278
170 278
170 278
170 278
170 437
171 185
173 433
174 894
175 614
176 662
176 662
176 662
176 662
176 662
176 670
176 956
176 981
177 483
177 522
177 522
177 522
177 522
178 759
179 875
179 939
180 391
180 391
180 391
181 995
183 354
184 258
184 799
184 865
184 875
184 875
184 875
185 461
185 679
185 832
186 299
186 972
186 972
187 741
188 336
188 390
188 390
188 390
188 522
188 657
188 660
188 884
190 315
190 898
190 898
190 898
190 898
191 498
191 498
191 498
192 863
193 691
193 691
193 691
193 691
193 691
193 913
193 913
193 913
193 913
193 913
194 274
194 274
194 296
194 689
194 792
194 792
194 792
194 792
194 792
194 797
195 400
195 400
195 400
195 400
195 846
196 619
197 399
197 399
197 399
197 927
199 216
199 443
199 443
199 443
200 602
201 608
202 304
202 891
203 511
203 568
204 836
204 838
204 838
204 838
204 838
204 838
205 820
205 820
205 933
207 459
207 669
207 669
207 669
207 669
208 617
208 628
208 830
209 387
209 415
209 415
209 415
209 476
209 485
209 634
209 735
209 735
209 735
211 560
212 664
212 668
212 668
212 668
213 389
214 306
214 683
215 327
215 379
215 559
217 484
217 552
218 742
220 739
220 739
220 739
220 739
221 400
221 446
221 584
221 759
221 896
221 896
222 861
223 658
224 260
224 260
224 260
224 516
224 516
224 516
224 516
224 540
224 874
224 874
224 874
224 874
225 256
227 280
227 314
227 314
227 314
227 780
228 364
228 364
228 364
229 274
230 322
230 322
230 322
230 322
230 322
230 341
230 591
230 591
231 479
231 479
231 726
232 451
232 451
232 879
233 623
234 263
234 407
234 999
235 391
236 669
237 348
237 668
237 668
237 668
237 668
239 246
239 390
239 672
239 756
239 756
239 756
239 785
240 507
240 507
240 546
241 261
241 640
242 342
242 603
243 458
243 527
243 527
243 527
243 527
243 527
244 264
244 326
244 344
244 515
244 765
245 284
245 351
245 801
245 801
247 329
247 329
247 329
247 329
247 492
247 492
247 492
247 734
248 370
248 403
248 765
248 848
249 584
249 584
249 584
249 584
250 286
250 474
251 914
252 593
252 710
252 891
252 891
252 891
252 891
252 891
252 962
252 962
252 962
252 962
253 644
253 836
253 836
253 836
253 836
254 335
254 792
254 792
254 958
254 958
256 544
257 550
258 482
259 263
259 263
259 263
259 413
259 582
259 582
259 582
259 582
259 582
260 668
261 346
261 770
261 834
261 992
262 449
262 842
262 842
262 842
263 575
265 757
266 868
266 953
267 645
267 781
267 781
267 781
267 781
267 781
267 864
268 358
268 573
270 338
270 504
270 504
270 504
270 504
270 504
270 611
270 917
273 297
273 617
273 892
274 386
275 874
276 825
276 837
276 877
277 360
277 369
278 478
279 457
279 922
279 960
279 960
279 960
279 960
279 960
280 393
281 737
281 737
281 885
281 892
281 942
282 452
282 458
282 458
282 458
282 458
282 579
285 308
285 338
285 691
286 349
286 382
286 419
287 763
288 675
289 570
290 493
290 609
290 609
290 609
290 609
290 609
291 451
291 530
292 300
292 300
292 338
292 338
292 338
294 565
294 984
295 550
295 939
297 368
299 587
299 984
300 429
300 517
300 649
300 817
300 929
301 914
302 540
303 325
305 660
307 679
307 877
308 554
308 667
309 950
309 950
309 950
309 950
309 950
309 982
310 711
311 999
312 340
312 340
312 340
312 950
313 677
315 686
315 923
316 405
317 385
317 485
318 650
318 650
318 650
318 650
318 650
318 842
319 532
319 532
321 383
321 383
321 383
321 383
322 345
323 909
325 390
326 555
327 684
327 684
327 684
327 783
328 814
329 540
329 540
329 540
329 540
329 540
330 818
331 416
331 689
332 910
332 910
332 910
332 910
332 910
333 351
333 616
333 830
334 740
336 821
337 887
338 529
338 529
338 529
338 529
338 529
338 691
338 931
338 931
338 931
344 862
344 862
344 877
345 417
345 417
345 417
345 417
345 452
346 450
346 543
347 454
347 528
347 648
348 452
348 452
348 452
348 452
348 601
348 601
348 601
348 601
348 601
348 644
348 902
348 902
348 902
348 902
348 902
349 615
349 856
349 933
351 613
351 841
353 377
353 455
354 968
356 477
357 846
357 846
357 846
357 931
358 546
358 546
358 546
359 793
359 793
360 616
360 920
361 895
361 941
363 481
363 755
363 755
363 755
363 755
363 822
363 920
365 786
367 591
369 450
369 471
369 672
370 592
371 792
371 802
373 791
373 791
373 791
373 830
375 860
375 860
375 860
375 860
375 860
376 924
379 790
379 803
379 948
383 535
384 648
387 395
387 879
388 818
388 831
388 831
388 831
388 831
390 672
390 672
390 672
391 397
391 726
393 409
393 479
393 522
394 591
394 591
394 591
394 591
394 591
394 901
394 901
394 901
394 901
395 461
396 886
399 577
399 821
401 688
402 857
403 540
403 540
403 540
404 547
405 730
405 772
405 772
405 772
405 772
405 885
405 885
405 885
406 551
406 993
407 779
407 779
407 779
407 779
408 574
408 574
408 574
408 574
408 574
408 599
408 599
408 599
408 599
408 599
408 822
409 861
410 557
410 601
410 620
410 726
412 576
413 660
415 918
417 628
418 871
419 591
419 991
420 550
420 801
421 852
422 691
423 716
424 509
424 545
424 545
424 545
424 545
424 665
424 842
425 811
426 902
426 903
426 903
427 977
428 465
428 498
429 658
429 788
429 788
429 788
430 820
431 527
431 527
431 527
431 527
431 949
431 949
431 949
431 949
431 949
438 703
440 624
441 742
441 831
441 831
441 862
442 483
442 598
442 887
442 984
444 651
449 667
449 920
449 920
449 920
449 920
449 920
452 688
452 690
455 505
455 684
455 684
455 684
455 684
456 877
456 933
457 484
457 484
457 484
457 484
457 484
459 804
459 804
459 804
459 869
460 784
460 826
460 826
462 642
462 770
462 770
462 770
462 770
463 475
463 516
463 516
463 516
463 516
463 516
465 943
466 559
466 559
466 559
466 618
466 693
467 628
467 766
468 826
468 944
469 863
470 615
470 615
470 615
470 615
470 876
472 682
473 659
474 675
476 819
476 819
476 819
476 819
476 819
478 723
478 723
478 931
479 484
480 950
481 703
481 703
481 703
481 703
481 877
481 927
485 624
485 634
490 530
490 530
492 549
492 615
494 815
494 915
496 934
496 934
496 934
496 982
497 927
498 616
498 616
498 616
498 616
498 616
498 872
498 872
498 872
501 881
501 948
502 544
502 544
504 864
504 888
505 661
506 640
507 663
508 694
508 694
508 694
508 694
508 694
508 759
510 587
511 833
512 819
512 967
514 879
515 516
516 998
518 972
521 531
521 813
521 825
521 888
522 824
522 828
522 836
522 840
523 637
525 958
525 958
525 958
526 737
526 737
528 848
528 869
528 869
528 869
528 869
529 584
530 950
530 976
531 737
533 753
534 990
536 782
536 782
536 782
538 586
539 881
539 881
539 881
540 615
540 944
540 944
540 944
541 989
541 989
541 989
541 989
541 989
543 732
543 733
544 717
544 717
544 860
545 620
547 653
547 855
550 723
551 859
554 765
554 993
557 841
557 961
557 961
561 703
561 703
561 703
564 732
565 711
566 677
566 677
567 907
569 934
569 934
569 934
569 934
569 934
571 585
571 806
571 806
571 806
572 809
572 942
574 692
574 692
574 692
574 692
574 692
574 726
574 937
575 593
576 827
576 827
576 829
577 590
577 590
577 682
577 918
579 648
582 759
582 796
582 796
582 796
582 796
582 796
588 603
588 603
588 603
588 603
588 603
588 739
588 926
588 926
588 926
588 926
588 926
589 707
590 728
590 728
590 728
590 728
591 597
592 743
592 743
592 743
593 801
593 877
596 898
598 628
598 628
598 628
598 628
598 628
598 708
598 708
598 708
598 708
598 708
598 848
599 822
599 861
600 786
600 951
600 951
602 786
603 750
606 679
606 689
606 719
607 907
608 945
609 845
610 751
610 769
610 823
610 823
610 823
610 823
610 837
610 837
610 837
610 837
613 909
614 624
614 777
614 892
616 914
617 958
618 705
621 676
621 980
623 759
624 679
624 679
625 984
626 795
626 795
626 795
626 795
626 795
627 836
630 808
634 643
634 823
634 829
638 814
638 814
638 814
638 814
638 814
640 927
652 978
653 699
655 665
655 797
655 805
655 821
656 853
658 753
665 805
668 937
669 821
673 819
673 827
675 783
675 930
675 930
676 703
676 796
677 810
677 810
677 810
677 810
679 766
679 788
679 860
679 860
679 860
679 914
680 698
682 683
682 887
682 953
683 799
686 709
686 712
688 986
690 862
690 928
691 831
691 831
691 831
695 728
696 717
699 707
700 781
702 778
702 956
703 707
703 782
705 771
707 774
710 861
711 745
711 745
712 781
712 809
712 840
712 840
715 872
715 965
720 955
721 763
722 903
724 878
727 841
728 780
733 831
734 758
734 900
735 912
736 965
738 966
739 958
739 958
739 958
740 879
740 879
740 879
740 879
742 977
748 800
748 824
749 784
749 862
749 895
750 991
751 756
751 965
753 988
754 822
755 970
756 966
759 769
759 879
759 879
759 879
759 927
760 875
760 894
762 851
767 809
769 927
774 902
774 920
775 795
775 795
775 795
775 795
779 910
779 922
780 907
781 882
783 976
784 818
786 820
787 913
787 979
791 911
792 863
797 892
800 958
801 824
801 824
801 824
801 880
803 948
804 927
808 994
810 994
812 822
812 822
812 822
812 822
813 846
818 858
819 934
821 993
825 955
828 905
829 933
830 840
831 857
832 992
832 992
832 992
832 992
832 992
834 945
839 923
840 888
844 902
844 902
848 852
852 985
854 928
858 967
864 865
867 979
867 979
867 979
867 979
872 897
888 899
889 993
895 937
906 935
907 939
923 943
923 943
923 943
923 943
923 943
940 953
940 953
940 953
940 953
959 975
