0 339
0 339
0 339
0 339
1 211
1 301
2 20
2 147
2 445
2 452
2 452
3 29
3 301
4 25
4 25
4 25
4 127
4 128
5 142
5 247
5 416
6 28
6 28
6 28
6 98
6 258
6 272
6 287
7 263
7 263
7 459
8 357
9 139
9 166
10 102
10 295
10 295
10 355
11 238
12 31
12 31
12 183
12 213
13 159
14 55
14 55
14 55
14 63
14 63
14 63
14 63
14 158
14 158
14 158
14 158
14 158
15 56
16 65
16 201
17 196
17 196
17 287
18 211
18 211
18 211
18 211
19 142
19 191
19 405
20 117
20 396
21 111
21 333
22 75
22 230
22 269
22 269
22 269
22 269
22 499
23 31
24 469
25 258
25 450
26 372
26 407
26 426
27 31
28 200
30 66
30 66
30 66
30 66
30 396
32 301
32 363
32 363
32 363
32 363
33 305
33 382
33 382
33 382
33 440
33 472
33 472
34 42
34 391
35 97
35 297
35 297
35 297
35 297
35 297
35 326
36 426
37 380
37 420
37 420
37 420
37 420
37 420
37 470
39 298
39 323
40 426
40 426
41 45
41 50
41 78
42 485
44 210
45 178
46 370
46 370
46 481
46 481
46 481
46 481
47 180
47 207
47 207
47 207
47 207
47 207
47 437
48 465
48 465
48 465
49 53
49 53
49 53
49 84
50 53
50 53
50 53
50 53
50 170
50 239
51 250
51 441
52 225
52 252
52 272
52 364
52 488
52 488
52 488
53 288
54 81
54 90
54 90
54 316
56 237
56 237
56 237
56 237
56 237
56 358
57 176
57 473
58 420
61 275
61 357
64 262
64 340
64 340
64 340
64 340
64 340
64 479
65 118
65 237
66 139
66 315
67 336
68 380
68 380
68 380
69 193
69 414
69 427
70 101
70 101
70 101
70 187
71 307
71 307
71 307
71 307
71 309
71 365
71 375
72 287
72 287
72 287
72 287
72 426
72 433
73 374
74 106
74 172
74 207
74 292
74 458
76 144
76 144
76 144
77 111
77 246
77 361
77 361
77 361
77 361
77 361
78 97
78 325
78 340
78 374
78 374
78 374
78 374
78 374
79 110
79 110
79 110
79 110
79 121
80 183
81 231
81 448
82 387
82 387
82 387
82 387
83 265
83 405
83 405
83 405
84 414
85 351
88 271
88 327
88 425
88 425
88 425
88 484
89 486
89 487
90 233
90 233
90 279
92 241
92 405
92 405
93 277
94 172
94 172
94 256
94 465
95 158
95 158
95 404
95 404
96 421
97 392
97 406
97 412
97 412
97 412
98 129
99 301
99 436
100 259
101 111
102 122
102 159
103 203
103 203
103 203
104 438
105 159
105 174
105 236
106 139
106 355
106 355
106 355
107 426
108 455
109 146
109 146
109 146
109 146
109 206
109 271
110 341
110 341
111 224
111 252
111 326
111 493
112 434
113 391
114 317
115 266
116 391
116 391
116 391
116 391
117 321
117 321
118 131
118 329
119 405
122 142
125 175
125 264
125 289
125 289
125 289
125 289
126 158
126 158
126 194
129 160
129 260
130 358
130 358
130 358
130 358
130 418
130 418
130 418
130 476
131 329
131 363
132 494
133 338
134 366
134 366
134 366
134 405
135 156
135 189
136 309
138 259
138 426
139 190
139 190
139 190
139 190
140 226
140 226
140 226
141 274
141 274
141 274
141 274
142 145
142 229
143 198
143 307
143 307
143 307
144 288
145 242
145 255
145 255
145 255
145 357
145 357
145 357
145 357
146 374
149 350
150 289
150 295
150 321
150 321
151 436
151 461
152 227
152 319
152 319
152 319
152 319
152 319
152 384
152 384
152 483
153 310
154 256
154 417
154 417
154 417
154 417
155 498
158 255
158 311
159 402
159 491
161 497
162 195
162 257
162 257
162 257
162 257
162 275
163 191
163 326
163 446
164 222
164 291
164 319
165 334
166 354
167 274
167 394
168 219
168 219
168 219
170 225
170 225
170 225
170 225
170 225
171 282
174 200
174 401
174 407
175 245
175 245
175 245
175 245
175 245
175 481
175 481
176 409
176 450
176 450
176 450
176 486
177 182
178 487
179 215
179 300
179 367
179 454
180 239
180 239
180 276
180 433
181 332
184 209
184 222
184 222
184 222
184 222
184 226
184 291
184 386
184 386
184 451
184 451
184 451
184 451
184 451
186 393
186 486
187 443
187 443
187 443
187 479
188 256
188 385
191 230
193 234
193 234
193 234
193 234
193 234
194 215
196 226
197 436
201 316
201 316
201 316
201 316
201 316
204 384
205 235
205 264
205 264
205 264
205 271
205 479
207 218
207 443
207 443
207 443
207 443
208 382
209 229
210 479
210 479
210 479
211 254
212 267
212 415
213 307
213 329
213 442
213 442
215 315
215 315
215 412
215 446
216 321
218 302
219 254
219 445
222 257
222 257
222 257
222 257
222 373
222 493
223 483
223 499
224 368
226 297
226 347
227 262
227 262
227 262
228 347
228 347
228 347
228 347
228 347
228 350
228 350
228 350
229 413
229 464
231 426
232 320
232 320
232 320
232 320
235 488
236 335
236 441
236 441
236 441
236 441
236 441
238 431
239 292
239 298
241 291
241 291
241 291
242 323
242 323
242 323
245 272
245 398
245 486
247 307
247 307
247 307
247 307
247 307
247 370
248 439
248 439
248 439
249 453
249 453
250 377
250 377
250 377
251 377
252 258
252 445
253 305
253 462
253 463
254 294
255 344
258 413
259 261
259 331
259 473
261 421
261 488
263 370
264 374
265 315
265 315
266 386
268 381
268 481
269 353
270 286
271 407
274 311
276 418
276 418
276 418
276 418
276 418
276 432
276 432
276 432
276 432
278 297
279 336
280 358
280 358
280 358
280 358
281 394
282 436
284 296
284 296
284 296
284 437
287 476
287 476
287 476
288 372
288 372
288 372
289 358
291 396
293 418
295 366
295 393
295 393
295 393
295 408
297 374
297 493
300 316
300 360
300 438
300 438
300 438
300 438
302 373
302 375
306 316
306 425
306 428
306 428
306 428
306 428
307 479
308 423
308 456
309 312
310 328
314 460
315 419
315 423
316 420
318 395
319 329
319 490
320 337
320 337
320 430
321 341
321 341
321 341
321 410
324 377
324 489
324 489
324 489
324 489
325 367
326 345
326 345
326 396
328 367
328 469
330 494
331 448
331 463
332 384
332 384
334 496
334 496
334 496
334 496
340 413
343 485
343 485
343 485
343 485
349 458
352 387
352 469
352 469
352 469
352 469
352 469
353 365
354 411
356 410
356 412
357 450
357 473
360 459
362 482
364 396
364 396
364 396
365 399
366 448
366 448
366 448
371 415
371 415
371 415
372 442
375 459
375 459
375 459
375 459
375 468
376 461
380 415
385 489
386 389
386 449
386 449
389 477
394 440
395 425
398 451
399 423
400 426
402 437
402 440
407 443
407 443
407 443
407 443
409 459
409 459
409 459
409 459
415 427
415 427
415 427
415 427
415 427
421 456
423 494
429 495
430 489
432 469
432 469
432 469
432 469
432 469
441 467
450 480
465 485
467 474
467 496
475 487
